<!DOCTYPE html>
<html lang="en" dir="ltr">
  <head>
    <meta charset="utf-8">
    <title></title>
  </head>
  <body>
    <svg width="1920" height="1080" viewBox="0 0 1920 1080" fill="none" xmlns="http://www.w3.org/2000/svg">
    <rect width="1920" height="1080" fill="white"/>
    <path d="M660.773 267V160.5H705.923C710.823 160.5 715.323 161.5 719.423 163.5C723.623 165.5 727.223 168.2 730.223 171.6C733.223 175 735.573 178.8 737.273 183C738.973 187.2 739.823 191.5 739.823 195.9C739.823 201.9 738.423 207.6 735.623 213C732.823 218.4 728.923 222.8 723.923 226.2C719.023 229.6 713.273 231.3 706.673 231.3H681.473V267H660.773ZM681.473 213.15H705.473C709.273 213.15 712.423 211.6 714.923 208.5C717.523 205.3 718.823 201.1 718.823 195.9C718.823 190.4 717.373 186.15 714.473 183.15C711.573 180.15 708.273 178.65 704.573 178.65H681.473V213.15ZM786.969 268.5C778.369 268.5 770.969 266.65 764.769 262.95C758.669 259.15 753.969 254.15 750.669 247.95C747.369 241.75 745.719 235.05 745.719 227.85C745.719 220.55 747.369 213.8 750.669 207.6C754.069 201.4 758.819 196.45 764.919 192.75C771.119 188.95 778.469 187.05 786.969 187.05C795.469 187.05 802.769 188.95 808.869 192.75C815.069 196.45 819.819 201.4 823.119 207.6C826.419 213.8 828.069 220.55 828.069 227.85C828.069 235.05 826.419 241.75 823.119 247.95C819.819 254.15 815.069 259.15 808.869 262.95C802.769 266.65 795.469 268.5 786.969 268.5ZM766.419 227.85C766.419 232.45 767.319 236.55 769.119 240.15C770.919 243.65 773.369 246.4 776.469 248.4C779.569 250.4 783.069 251.4 786.969 251.4C790.769 251.4 794.219 250.4 797.319 248.4C800.419 246.3 802.869 243.5 804.669 240C806.569 236.4 807.519 232.3 807.519 227.7C807.519 223.2 806.569 219.2 804.669 215.7C802.869 212.1 800.419 209.3 797.319 207.3C794.219 205.2 790.769 204.15 786.969 204.15C783.069 204.15 779.569 205.2 776.469 207.3C773.369 209.3 770.919 212.1 769.119 215.7C767.319 219.2 766.419 223.25 766.419 227.85ZM888.435 205.8C882.335 205.8 876.885 207 872.085 209.4C867.285 211.7 863.835 215.05 861.735 219.45V267H841.635V188.4H860.085V205.2C862.785 199.8 866.285 195.55 870.585 192.45C874.985 189.35 879.585 187.65 884.385 187.35C886.485 187.35 887.835 187.4 888.435 187.5V205.8ZM946.743 262.95C944.043 264.15 940.693 265.35 936.693 266.55C932.793 267.75 928.743 268.35 924.543 268.35C920.843 268.35 917.443 267.7 914.343 266.4C911.243 265.1 908.743 263.05 906.843 260.25C905.043 257.35 904.143 253.6 904.143 249V203.85H893.793V188.4H904.143V162.9H924.243V188.4H940.743V203.85H924.243V242.25C924.243 244.95 924.943 246.9 926.343 248.1C927.843 249.3 929.643 249.9 931.743 249.9C933.843 249.9 935.893 249.55 937.893 248.85C939.893 248.15 941.493 247.55 942.693 247.05L946.743 262.95Z" fill="#6E38E2"/>
    <path d="M962.012 267V207.9H951.662V192.6H962.012V187.8C962.012 178.1 964.362 170.4 969.062 164.7C973.862 158.9 980.262 156 988.262 156C994.662 156 1001.11 157.55 1007.61 160.65L1003.56 175.8C1002.06 175 1000.26 174.35 998.162 173.85C996.162 173.25 994.312 172.95 992.612 172.95C985.612 172.95 982.112 177.65 982.112 187.05V192.6H1001.31V207.9H982.112V267H962.012ZM1048 268.5C1039.4 268.5 1032 266.65 1025.8 262.95C1019.7 259.15 1015 254.15 1011.7 247.95C1008.4 241.75 1006.75 235.05 1006.75 227.85C1006.75 220.55 1008.4 213.8 1011.7 207.6C1015.1 201.4 1019.85 196.45 1025.95 192.75C1032.15 188.95 1039.5 187.05 1048 187.05C1056.5 187.05 1063.8 188.95 1069.9 192.75C1076.1 196.45 1080.85 201.4 1084.15 207.6C1087.45 213.8 1089.1 220.55 1089.1 227.85C1089.1 235.05 1087.45 241.75 1084.15 247.95C1080.85 254.15 1076.1 259.15 1069.9 262.95C1063.8 266.65 1056.5 268.5 1048 268.5ZM1027.45 227.85C1027.45 232.45 1028.35 236.55 1030.15 240.15C1031.95 243.65 1034.4 246.4 1037.5 248.4C1040.6 250.4 1044.1 251.4 1048 251.4C1051.8 251.4 1055.25 250.4 1058.35 248.4C1061.45 246.3 1063.9 243.5 1065.7 240C1067.6 236.4 1068.55 232.3 1068.55 227.7C1068.55 223.2 1067.6 219.2 1065.7 215.7C1063.9 212.1 1061.45 209.3 1058.35 207.3C1055.25 205.2 1051.8 204.15 1048 204.15C1044.1 204.15 1040.6 205.2 1037.5 207.3C1034.4 209.3 1031.95 212.1 1030.15 215.7C1028.35 219.2 1027.45 223.25 1027.45 227.85ZM1102.52 157.5H1122.62V241.8C1122.62 245.5 1123.22 247.95 1124.42 249.15C1125.62 250.35 1127.27 250.95 1129.37 250.95C1130.97 250.95 1132.62 250.75 1134.32 250.35C1136.02 249.95 1137.52 249.45 1138.82 248.85L1141.52 264.15C1138.82 265.45 1135.67 266.45 1132.07 267.15C1128.47 267.85 1125.22 268.2 1122.32 268.2C1116.02 268.2 1111.12 266.55 1107.62 263.25C1104.22 259.85 1102.52 255.05 1102.52 248.85V157.5ZM1150.28 177.45V157.5H1170.38V177.45H1150.28ZM1150.28 267V188.4H1170.38V267H1150.28ZM1224.81 268.5C1216.21 268.5 1208.81 266.65 1202.61 262.95C1196.51 259.15 1191.81 254.15 1188.51 247.95C1185.21 241.75 1183.56 235.05 1183.56 227.85C1183.56 220.55 1185.21 213.8 1188.51 207.6C1191.91 201.4 1196.66 196.45 1202.76 192.75C1208.96 188.95 1216.31 187.05 1224.81 187.05C1233.31 187.05 1240.61 188.95 1246.71 192.75C1252.91 196.45 1257.66 201.4 1260.96 207.6C1264.26 213.8 1265.91 220.55 1265.91 227.85C1265.91 235.05 1264.26 241.75 1260.96 247.95C1257.66 254.15 1252.91 259.15 1246.71 262.95C1240.61 266.65 1233.31 268.5 1224.81 268.5ZM1204.26 227.85C1204.26 232.45 1205.16 236.55 1206.96 240.15C1208.76 243.65 1211.21 246.4 1214.31 248.4C1217.41 250.4 1220.91 251.4 1224.81 251.4C1228.61 251.4 1232.06 250.4 1235.16 248.4C1238.26 246.3 1240.71 243.5 1242.51 240C1244.41 236.4 1245.36 232.3 1245.36 227.7C1245.36 223.2 1244.41 219.2 1242.51 215.7C1240.71 212.1 1238.26 209.3 1235.16 207.3C1232.06 205.2 1228.61 204.15 1224.81 204.15C1220.91 204.15 1217.41 205.2 1214.31 207.3C1211.21 209.3 1208.76 212.1 1206.96 215.7C1205.16 219.2 1204.26 223.25 1204.26 227.85Z" fill="#EF4D29"/>
    <path d="M662.257 116.65V136H661.207V114.7H662.047L677.647 134.35V114.7H678.697V136H677.617L662.257 116.65ZM684.019 116.62V114.1H685.039V116.62H684.019ZM684.019 136V120.4H685.039V136H684.019ZM696.447 136.3C695.387 136.3 694.397 136.09 693.477 135.67C692.557 135.23 691.747 134.64 691.047 133.9C690.347 133.14 689.797 132.27 689.397 131.29C689.017 130.31 688.827 129.26 688.827 128.14C688.827 126.66 689.157 125.32 689.817 124.12C690.477 122.9 691.377 121.94 692.517 121.24C693.677 120.52 694.977 120.16 696.417 120.16C697.777 120.16 698.977 120.48 700.017 121.12C701.077 121.74 701.877 122.6 702.417 123.7L701.427 124.06C700.927 123.14 700.217 122.42 699.297 121.9C698.397 121.38 697.407 121.12 696.327 121.12C695.127 121.12 694.037 121.43 693.057 122.05C692.077 122.67 691.297 123.51 690.717 124.57C690.137 125.63 689.847 126.82 689.847 128.14C689.847 129.46 690.147 130.67 690.747 131.77C691.347 132.85 692.137 133.72 693.117 134.38C694.097 135.02 695.177 135.34 696.357 135.34C697.137 135.34 697.897 135.2 698.637 134.92C699.377 134.62 700.017 134.24 700.557 133.78C701.097 133.3 701.447 132.79 701.607 132.25L702.627 132.55C702.367 133.27 701.927 133.91 701.307 134.47C700.687 135.03 699.957 135.48 699.117 135.82C698.277 136.14 697.387 136.3 696.447 136.3ZM712.411 136.3C711.011 136.3 709.741 135.93 708.601 135.19C707.461 134.45 706.561 133.47 705.901 132.25C705.241 131.03 704.911 129.7 704.911 128.26C704.911 127.16 705.101 126.12 705.481 125.14C705.881 124.16 706.421 123.3 707.101 122.56C707.801 121.82 708.601 121.24 709.501 120.82C710.401 120.38 711.371 120.16 712.411 120.16C713.451 120.16 714.421 120.38 715.321 120.82C716.241 121.24 717.041 121.82 717.721 122.56C718.421 123.3 718.961 124.16 719.341 125.14C719.741 126.12 719.941 127.16 719.941 128.26C719.941 129.34 719.741 130.37 719.341 131.35C718.961 132.31 718.431 133.16 717.751 133.9C717.071 134.64 716.271 135.23 715.351 135.67C714.451 136.09 713.471 136.3 712.411 136.3ZM705.931 128.29C705.931 129.59 706.221 130.78 706.801 131.86C707.401 132.92 708.181 133.77 709.141 134.41C710.121 135.03 711.201 135.34 712.381 135.34C713.581 135.34 714.671 135.02 715.651 134.38C716.631 133.74 717.411 132.88 717.991 131.8C718.591 130.7 718.891 129.51 718.891 128.23C718.891 126.93 718.591 125.75 717.991 124.69C717.411 123.61 716.631 122.75 715.651 122.11C714.671 121.45 713.591 121.12 712.411 121.12C711.251 121.12 710.171 121.45 709.171 122.11C708.191 122.75 707.401 123.62 706.801 124.72C706.221 125.8 705.931 126.99 705.931 128.29ZM723.837 114.1H724.887V133.33C724.887 133.97 725.047 134.45 725.367 134.77C725.707 135.07 726.147 135.22 726.687 135.22C726.967 135.22 727.267 135.19 727.587 135.13C727.907 135.07 728.197 135 728.457 134.92L728.697 135.76C728.397 135.86 728.017 135.95 727.557 136.03C727.097 136.11 726.717 136.15 726.417 136.15C725.637 136.15 725.007 135.91 724.527 135.43C724.067 134.95 723.837 134.32 723.837 133.54V114.1ZM729.808 131.53C729.808 130.63 730.078 129.84 730.618 129.16C731.178 128.48 731.938 127.95 732.898 127.57C733.878 127.17 735.008 126.97 736.288 126.97C737.128 126.97 737.998 127.05 738.898 127.21C739.798 127.35 740.608 127.55 741.328 127.81V126.16C741.328 124.64 740.878 123.42 739.978 122.5C739.098 121.56 737.908 121.09 736.408 121.09C735.648 121.09 734.838 121.26 733.978 121.6C733.118 121.92 732.258 122.38 731.398 122.98L730.888 122.23C732.908 120.85 734.768 120.16 736.468 120.16C738.268 120.16 739.698 120.71 740.758 121.81C741.818 122.89 742.348 124.36 742.348 126.22V134.44C742.348 134.88 742.528 135.1 742.888 135.1V136C742.588 136.02 742.398 136.01 742.318 135.97C742.038 135.91 741.818 135.76 741.658 135.52C741.498 135.28 741.408 135.02 741.388 134.74V133.39C740.668 134.31 739.728 135.03 738.568 135.55C737.428 136.05 736.218 136.3 734.938 136.3C733.958 136.3 733.078 136.09 732.298 135.67C731.538 135.23 730.928 134.65 730.468 133.93C730.028 133.21 729.808 132.41 729.808 131.53ZM740.788 132.88C741.148 132.42 741.328 131.98 741.328 131.56V128.71C739.788 128.11 738.128 127.81 736.348 127.81C734.688 127.81 733.348 128.15 732.328 128.83C731.308 129.49 730.798 130.37 730.798 131.47C730.798 132.19 730.978 132.85 731.338 133.45C731.718 134.05 732.228 134.53 732.868 134.89C733.508 135.25 734.238 135.43 735.058 135.43C736.298 135.43 737.428 135.2 738.448 134.74C739.488 134.26 740.268 133.64 740.788 132.88ZM751.746 136.3C750.546 136.3 749.426 136.09 748.386 135.67C747.366 135.25 746.466 134.62 745.686 133.78L746.226 133.06C747.046 133.86 747.896 134.45 748.776 134.83C749.656 135.21 750.636 135.4 751.716 135.4C753.156 135.4 754.326 135.09 755.226 134.47C756.146 133.85 756.606 132.99 756.606 131.89C756.606 131.17 756.396 130.61 755.976 130.21C755.576 129.81 754.986 129.49 754.206 129.25C753.446 128.99 752.516 128.73 751.416 128.47C750.336 128.19 749.436 127.92 748.716 127.66C748.016 127.38 747.486 127.01 747.126 126.55C746.766 126.09 746.586 125.45 746.586 124.63C746.586 123.61 746.836 122.77 747.336 122.11C747.856 121.45 748.536 120.96 749.376 120.64C750.236 120.32 751.176 120.16 752.196 120.16C753.436 120.16 754.506 120.37 755.406 120.79C756.306 121.19 756.956 121.72 757.356 122.38L756.696 122.95C756.276 122.33 755.636 121.86 754.776 121.54C753.936 121.22 753.036 121.06 752.076 121.06C751.276 121.06 750.536 121.18 749.856 121.42C749.176 121.64 748.626 122.01 748.206 122.53C747.786 123.03 747.576 123.68 747.576 124.48C747.576 125.14 747.716 125.65 747.996 126.01C748.296 126.37 748.746 126.66 749.346 126.88C749.946 127.08 750.716 127.3 751.656 127.54C752.876 127.84 753.926 128.14 754.806 128.44C755.706 128.74 756.396 129.15 756.876 129.67C757.356 130.17 757.596 130.87 757.596 131.77C757.596 133.17 757.056 134.28 755.976 135.1C754.916 135.9 753.506 136.3 751.746 136.3ZM784.908 130.48C784.908 131.48 784.658 132.4 784.158 133.24C783.658 134.08 782.988 134.75 782.148 135.25C781.328 135.75 780.418 136 779.418 136H769.488V114.7H779.148C780.148 114.7 781.008 114.97 781.728 115.51C782.468 116.03 783.028 116.71 783.408 117.55C783.808 118.37 784.008 119.23 784.008 120.13C784.008 121.21 783.728 122.2 783.168 123.1C782.628 124 781.888 124.66 780.948 125.08C782.168 125.44 783.128 126.12 783.828 127.12C784.548 128.12 784.908 129.24 784.908 130.48ZM770.538 115.66V124.78H778.788C779.608 124.78 780.328 124.56 780.948 124.12C781.588 123.68 782.088 123.11 782.448 122.41C782.808 121.71 782.988 120.98 782.988 120.22C782.988 119.42 782.818 118.67 782.478 117.97C782.138 117.27 781.658 116.71 781.038 116.29C780.438 115.87 779.748 115.66 778.968 115.66H770.538ZM783.888 130.39C783.888 129.57 783.698 128.81 783.318 128.11C782.958 127.39 782.448 126.81 781.788 126.37C781.148 125.93 780.428 125.71 779.628 125.71H770.538V135.04H779.418C780.238 135.04 780.988 134.82 781.668 134.38C782.348 133.92 782.888 133.34 783.288 132.64C783.688 131.92 783.888 131.17 783.888 130.39ZM787.464 131.53C787.464 130.63 787.734 129.84 788.274 129.16C788.834 128.48 789.594 127.95 790.554 127.57C791.534 127.17 792.664 126.97 793.944 126.97C794.784 126.97 795.654 127.05 796.554 127.21C797.454 127.35 798.264 127.55 798.984 127.81V126.16C798.984 124.64 798.534 123.42 797.634 122.5C796.754 121.56 795.564 121.09 794.064 121.09C793.304 121.09 792.494 121.26 791.634 121.6C790.774 121.92 789.914 122.38 789.054 122.98L788.544 122.23C790.564 120.85 792.424 120.16 794.124 120.16C795.924 120.16 797.354 120.71 798.414 121.81C799.474 122.89 800.004 124.36 800.004 126.22V134.44C800.004 134.88 800.184 135.1 800.544 135.1V136C800.244 136.02 800.054 136.01 799.974 135.97C799.694 135.91 799.474 135.76 799.314 135.52C799.154 135.28 799.064 135.02 799.044 134.74V133.39C798.324 134.31 797.384 135.03 796.224 135.55C795.084 136.05 793.874 136.3 792.594 136.3C791.614 136.3 790.734 136.09 789.954 135.67C789.194 135.23 788.584 134.65 788.124 133.93C787.684 133.21 787.464 132.41 787.464 131.53ZM798.444 132.88C798.804 132.42 798.984 131.98 798.984 131.56V128.71C797.444 128.11 795.784 127.81 794.004 127.81C792.344 127.81 791.004 128.15 789.984 128.83C788.964 129.49 788.454 130.37 788.454 131.47C788.454 132.19 788.634 132.85 788.994 133.45C789.374 134.05 789.884 134.53 790.524 134.89C791.164 135.25 791.894 135.43 792.714 135.43C793.954 135.43 795.084 135.2 796.104 134.74C797.144 134.26 797.924 133.64 798.444 132.88ZM811.683 121.36C810.243 121.42 808.993 121.88 807.933 122.74C806.873 123.58 806.133 124.73 805.713 126.19V136H804.693V120.4H805.683V124.36C806.223 123.26 806.943 122.36 807.843 121.66C808.763 120.96 809.723 120.55 810.723 120.43C810.923 120.43 811.103 120.43 811.263 120.43C811.443 120.41 811.583 120.4 811.683 120.4V121.36ZM814.624 116.62V114.1H815.644V116.62H814.624ZM814.624 136V120.4H815.644V136H814.624ZM827.022 135.28C826.982 135.3 826.822 135.39 826.542 135.55C826.262 135.69 825.902 135.83 825.462 135.97C825.022 136.09 824.532 136.15 823.992 136.15C823.212 136.15 822.532 135.93 821.952 135.49C821.392 135.03 821.112 134.39 821.112 133.57V121.3H818.892V120.4H821.112V115.03H822.132V120.4H825.822V121.3H822.132V133.42C822.172 134 822.392 134.44 822.792 134.74C823.192 135.04 823.652 135.19 824.172 135.19C824.832 135.19 825.392 135.08 825.852 134.86C826.332 134.64 826.592 134.5 826.632 134.44L827.022 135.28ZM835.87 136.3C834.81 136.3 833.82 136.09 832.9 135.67C831.98 135.23 831.17 134.64 830.47 133.9C829.79 133.14 829.25 132.27 828.85 131.29C828.47 130.29 828.28 129.23 828.28 128.11C828.28 126.65 828.61 125.32 829.27 124.12C829.93 122.92 830.82 121.96 831.94 121.24C833.08 120.52 834.35 120.16 835.75 120.16C837.19 120.16 838.47 120.53 839.59 121.27C840.73 121.99 841.63 122.96 842.29 124.18C842.97 125.38 843.32 126.72 843.34 128.2C843.34 128.28 843.33 128.36 843.31 128.44C843.31 128.52 843.31 128.6 843.31 128.68H829.33C829.43 129.94 829.78 131.08 830.38 132.1C831 133.12 831.79 133.93 832.75 134.53C833.71 135.13 834.77 135.43 835.93 135.43C837.07 135.43 838.14 135.14 839.14 134.56C840.14 133.96 840.85 133.2 841.27 132.28L842.2 132.52C841.9 133.24 841.43 133.89 840.79 134.47C840.15 135.03 839.4 135.48 838.54 135.82C837.7 136.14 836.81 136.3 835.87 136.3ZM829.3 127.81H842.32C842.24 126.49 841.9 125.33 841.3 124.33C840.7 123.31 839.92 122.51 838.96 121.93C838.02 121.35 836.96 121.06 835.78 121.06C834.62 121.06 833.56 121.35 832.6 121.93C831.66 122.51 830.89 123.31 830.29 124.33C829.71 125.35 829.38 126.51 829.3 127.81ZM845.443 131.53C845.443 130.63 845.713 129.84 846.253 129.16C846.813 128.48 847.573 127.95 848.533 127.57C849.513 127.17 850.643 126.97 851.923 126.97C852.763 126.97 853.633 127.05 854.533 127.21C855.433 127.35 856.243 127.55 856.963 127.81V126.16C856.963 124.64 856.513 123.42 855.613 122.5C854.733 121.56 853.543 121.09 852.043 121.09C851.283 121.09 850.473 121.26 849.613 121.6C848.753 121.92 847.893 122.38 847.033 122.98L846.523 122.23C848.543 120.85 850.403 120.16 852.103 120.16C853.903 120.16 855.333 120.71 856.393 121.81C857.453 122.89 857.983 124.36 857.983 126.22V134.44C857.983 134.88 858.163 135.1 858.523 135.1V136C858.223 136.02 858.033 136.01 857.953 135.97C857.673 135.91 857.453 135.76 857.293 135.52C857.133 135.28 857.043 135.02 857.023 134.74V133.39C856.303 134.31 855.363 135.03 854.203 135.55C853.063 136.05 851.853 136.3 850.573 136.3C849.593 136.3 848.713 136.09 847.933 135.67C847.173 135.23 846.563 134.65 846.103 133.93C845.663 133.21 845.443 132.41 845.443 131.53ZM856.423 132.88C856.783 132.42 856.963 131.98 856.963 131.56V128.71C855.423 128.11 853.763 127.81 851.983 127.81C850.323 127.81 848.983 128.15 847.963 128.83C846.943 129.49 846.433 130.37 846.433 131.47C846.433 132.19 846.613 132.85 846.973 133.45C847.353 134.05 847.863 134.53 848.503 134.89C849.143 135.25 849.873 135.43 850.693 135.43C851.933 135.43 853.063 135.2 854.083 134.74C855.123 134.26 855.903 133.64 856.423 132.88ZM862.521 129.28V120.4H863.541V129.16C863.541 133.28 864.931 135.34 867.711 135.34C868.651 135.34 869.551 135.13 870.411 134.71C871.291 134.27 872.051 133.67 872.691 132.91C873.351 132.15 873.841 131.28 874.161 130.3V120.4H875.181V134.44C875.181 134.88 875.361 135.1 875.721 135.1V136C875.441 136.02 875.251 136.01 875.151 135.97C874.891 135.91 874.671 135.77 874.491 135.55C874.331 135.31 874.251 135.04 874.251 134.74L874.221 132.16C873.561 133.44 872.621 134.45 871.401 135.19C870.201 135.93 868.901 136.3 867.501 136.3C864.181 136.3 862.521 133.96 862.521 129.28Z" fill="#D06110"/>
    <a href="audiovisuels.html"> <rect x="628" y="465" width="200" height="75" rx="37" fill="#6E38E2" style="mix-blend-mode:darken"/></a>
    <a href="graphismes.html"><rect x="1091" y="465" width="200" height="75" rx="37.5" fill="#EF4D29" style="mix-blend-mode:darken"/></a>
    <a href="audiovisuels.html"><path d="M660.76 495.96H664.12L670.384 513H666.976L665.392 508.752H659.44L657.88 513H654.472L660.76 495.96ZM664.792 506.424L662.44 499.392L659.992 506.424H664.792ZM671.586 508.296V500.424H674.802V507.6C674.802 509.536 675.498 510.504 676.89 510.504C677.514 510.504 678.114 510.32 678.69 509.952C679.282 509.568 679.762 508.992 680.13 508.224V500.424H683.346V509.4C683.346 509.752 683.402 510 683.514 510.144C683.626 510.272 683.826 510.352 684.114 510.384V513C683.794 513.064 683.522 513.104 683.298 513.12C683.09 513.136 682.898 513.144 682.722 513.144C682.146 513.144 681.674 513.016 681.306 512.76C680.954 512.488 680.746 512.12 680.682 511.656L680.61 510.648C680.05 511.512 679.33 512.16 678.45 512.592C677.57 513.024 676.602 513.24 675.546 513.24C674.25 513.24 673.266 512.824 672.594 511.992C671.922 511.144 671.586 509.912 671.586 508.296ZM685.774 506.712C685.774 505.512 686.014 504.416 686.494 503.424C686.974 502.432 687.638 501.648 688.486 501.072C689.334 500.496 690.302 500.208 691.39 500.208C692.318 500.208 693.15 500.44 693.886 500.904C694.638 501.352 695.222 501.928 695.638 502.632V495.48H698.854V509.4C698.854 509.752 698.91 510 699.022 510.144C699.134 510.272 699.326 510.352 699.598 510.384V513C699.022 513.112 698.566 513.168 698.23 513.168C697.654 513.168 697.174 513.024 696.79 512.736C696.422 512.448 696.214 512.072 696.166 511.608L696.118 510.816C695.654 511.6 695.022 512.2 694.222 512.616C693.438 513.032 692.614 513.24 691.75 513.24C690.582 513.24 689.55 512.952 688.654 512.376C687.758 511.784 687.054 511 686.542 510.024C686.03 509.032 685.774 507.928 685.774 506.712ZM695.638 508.392V505.392C695.382 504.688 694.942 504.104 694.318 503.64C693.694 503.176 693.054 502.944 692.398 502.944C691.742 502.944 691.166 503.128 690.67 503.496C690.174 503.848 689.79 504.32 689.518 504.912C689.246 505.488 689.11 506.112 689.11 506.784C689.11 507.472 689.262 508.104 689.566 508.68C689.87 509.24 690.278 509.688 690.79 510.024C691.318 510.344 691.918 510.504 692.59 510.504C693.198 510.504 693.798 510.304 694.39 509.904C694.998 509.504 695.414 509 695.638 508.392ZM702.011 498.672V495.48H705.227V498.672H702.011ZM702.011 513V500.424H705.227V513H702.011ZM713.936 513.24C712.56 513.24 711.376 512.944 710.384 512.352C709.408 511.744 708.656 510.944 708.128 509.952C707.6 508.96 707.336 507.888 707.336 506.736C707.336 505.568 707.6 504.488 708.128 503.496C708.672 502.504 709.432 501.712 710.408 501.12C711.4 500.512 712.576 500.208 713.936 500.208C715.296 500.208 716.464 500.512 717.44 501.12C718.432 501.712 719.192 502.504 719.72 503.496C720.248 504.488 720.512 505.568 720.512 506.736C720.512 507.888 720.248 508.96 719.72 509.952C719.192 510.944 718.432 511.744 717.44 512.352C716.464 512.944 715.296 513.24 713.936 513.24ZM710.648 506.736C710.648 507.472 710.792 508.128 711.08 508.704C711.368 509.264 711.76 509.704 712.256 510.024C712.752 510.344 713.312 510.504 713.936 510.504C714.544 510.504 715.096 510.344 715.592 510.024C716.088 509.688 716.48 509.24 716.768 508.68C717.072 508.104 717.224 507.448 717.224 506.712C717.224 505.992 717.072 505.352 716.768 504.792C716.48 504.216 716.088 503.768 715.592 503.448C715.096 503.112 714.544 502.944 713.936 502.944C713.312 502.944 712.752 503.112 712.256 503.448C711.76 503.768 711.368 504.216 711.08 504.792C710.792 505.352 710.648 506 710.648 506.736ZM725.645 513L721.013 500.424H724.349L727.517 510.072L730.709 500.424H733.757L729.149 513H725.645ZM735.456 498.672V495.48H738.672V498.672H735.456ZM735.456 513V500.424H738.672V513H735.456ZM746.205 513.24C745.133 513.24 744.109 513.064 743.133 512.712C742.157 512.36 741.317 511.84 740.613 511.152L741.765 509.064C742.517 509.672 743.253 510.12 743.973 510.408C744.693 510.696 745.397 510.84 746.085 510.84C746.709 510.84 747.205 510.728 747.573 510.504C747.957 510.28 748.149 509.944 748.149 509.496C748.149 509.032 747.917 508.72 747.453 508.56C746.989 508.384 746.341 508.168 745.509 507.912C744.581 507.624 743.805 507.328 743.181 507.024C742.557 506.72 742.085 506.352 741.765 505.92C741.461 505.488 741.309 504.928 741.309 504.24C741.309 503.008 741.773 502.024 742.701 501.288C743.629 500.552 744.861 500.184 746.397 500.184C747.293 500.184 748.141 500.328 748.941 500.616C749.741 500.888 750.469 501.336 751.125 501.96L749.829 504C748.597 503.04 747.405 502.56 746.253 502.56C745.741 502.56 745.285 502.656 744.885 502.848C744.501 503.04 744.309 503.376 744.309 503.856C744.309 504.304 744.493 504.624 744.861 504.816C745.245 505.008 745.821 505.216 746.589 505.44C747.581 505.744 748.421 506.04 749.109 506.328C749.813 506.616 750.341 506.984 750.693 507.432C751.061 507.88 751.245 508.488 751.245 509.256C751.245 510.504 750.789 511.48 749.877 512.184C748.965 512.888 747.741 513.24 746.205 513.24ZM753.313 508.296V500.424H756.529V507.6C756.529 509.536 757.225 510.504 758.617 510.504C759.241 510.504 759.841 510.32 760.417 509.952C761.009 509.568 761.489 508.992 761.857 508.224V500.424H765.073V509.4C765.073 509.752 765.129 510 765.241 510.144C765.353 510.272 765.553 510.352 765.841 510.384V513C765.521 513.064 765.249 513.104 765.025 513.12C764.817 513.136 764.625 513.144 764.449 513.144C763.873 513.144 763.401 513.016 763.033 512.76C762.681 512.488 762.473 512.12 762.409 511.656L762.337 510.648C761.777 511.512 761.057 512.16 760.177 512.592C759.297 513.024 758.329 513.24 757.273 513.24C755.977 513.24 754.993 512.824 754.321 511.992C753.649 511.144 753.313 509.912 753.313 508.296ZM774.101 513.24C772.741 513.24 771.565 512.944 770.573 512.352C769.597 511.76 768.837 510.976 768.293 510C767.749 509.008 767.477 507.936 767.477 506.784C767.477 505.6 767.741 504.512 768.269 503.52C768.813 502.512 769.581 501.712 770.573 501.12C771.565 500.512 772.749 500.208 774.125 500.208C775.501 500.208 776.677 500.512 777.653 501.12C778.629 501.712 779.373 502.504 779.885 503.496C780.413 504.472 780.677 505.528 780.677 506.664C780.677 507.08 780.653 507.44 780.605 507.744H770.885C770.965 508.72 771.325 509.488 771.965 510.048C772.621 510.608 773.373 510.888 774.221 510.888C774.861 510.888 775.461 510.736 776.021 510.432C776.597 510.112 776.989 509.696 777.197 509.184L779.957 509.952C779.493 510.912 778.749 511.704 777.725 512.328C776.701 512.936 775.493 513.24 774.101 513.24ZM770.813 505.704H777.389C777.293 504.76 776.933 504 776.309 503.424C775.701 502.832 774.957 502.536 774.077 502.536C773.213 502.536 772.469 502.832 771.845 503.424C771.237 504 770.893 504.76 770.813 505.704ZM782.612 495.48H785.828V508.968C785.828 509.56 785.924 509.952 786.116 510.144C786.308 510.336 786.572 510.432 786.908 510.432C787.164 510.432 787.428 510.4 787.7 510.336C787.972 510.272 788.212 510.192 788.42 510.096L788.852 512.544C788.42 512.752 787.916 512.912 787.34 513.024C786.764 513.136 786.244 513.192 785.78 513.192C784.772 513.192 783.988 512.928 783.428 512.4C782.884 511.856 782.612 511.088 782.612 510.096V495.48ZM794.885 513.24C793.813 513.24 792.789 513.064 791.813 512.712C790.837 512.36 789.997 511.84 789.293 511.152L790.445 509.064C791.197 509.672 791.933 510.12 792.653 510.408C793.373 510.696 794.077 510.84 794.765 510.84C795.389 510.84 795.885 510.728 796.253 510.504C796.637 510.28 796.829 509.944 796.829 509.496C796.829 509.032 796.597 508.72 796.133 508.56C795.669 508.384 795.021 508.168 794.189 507.912C793.261 507.624 792.485 507.328 791.861 507.024C791.237 506.72 790.765 506.352 790.445 505.92C790.141 505.488 789.989 504.928 789.989 504.24C789.989 503.008 790.453 502.024 791.381 501.288C792.309 500.552 793.541 500.184 795.077 500.184C795.973 500.184 796.821 500.328 797.621 500.616C798.421 500.888 799.149 501.336 799.805 501.96L798.509 504C797.277 503.04 796.085 502.56 794.933 502.56C794.421 502.56 793.965 502.656 793.565 502.848C793.181 503.04 792.989 503.376 792.989 503.856C792.989 504.304 793.173 504.624 793.541 504.816C793.925 505.008 794.501 505.216 795.269 505.44C796.261 505.744 797.101 506.04 797.789 506.328C798.493 506.616 799.021 506.984 799.373 507.432C799.741 507.88 799.925 508.488 799.925 509.256C799.925 510.504 799.469 511.48 798.557 512.184C797.645 512.888 796.421 513.24 794.885 513.24Z" fill="white"/> </a>
    <a href="graphismes.html"> <path d="M1131.05 510.12C1129.93 510.12 1128.88 509.896 1127.9 509.448C1126.93 509 1126.06 508.384 1125.31 507.6C1124.58 506.8 1124 505.872 1123.58 504.816C1123.17 503.76 1122.96 502.616 1122.96 501.384C1122.96 500.216 1123.17 499.12 1123.58 498.096C1124 497.056 1124.58 496.144 1125.34 495.36C1126.09 494.576 1126.97 493.96 1127.98 493.512C1128.98 493.064 1130.08 492.84 1131.26 492.84C1132.85 492.84 1134.22 493.184 1135.37 493.872C1136.52 494.544 1137.38 495.44 1137.96 496.56L1135.49 498.384C1135.06 497.552 1134.45 496.912 1133.66 496.464C1132.9 496 1132.06 495.768 1131.14 495.768C1130.18 495.768 1129.34 496.032 1128.6 496.56C1127.88 497.088 1127.31 497.784 1126.9 498.648C1126.5 499.512 1126.3 500.456 1126.3 501.48C1126.3 502.552 1126.51 503.52 1126.94 504.384C1127.38 505.248 1127.97 505.936 1128.72 506.448C1129.49 506.944 1130.36 507.192 1131.34 507.192C1132.98 507.192 1134.47 506.416 1135.8 504.864V503.664H1132.37V501.24H1138.54V510H1135.8V508.08C1134.42 509.44 1132.84 510.12 1131.05 510.12ZM1148.53 500.208C1147.56 500.208 1146.69 500.4 1145.92 500.784C1145.15 501.152 1144.6 501.688 1144.26 502.392V510H1141.05V497.424H1144V500.112C1144.43 499.248 1144.99 498.568 1145.68 498.072C1146.38 497.576 1147.12 497.304 1147.89 497.256C1148.22 497.256 1148.44 497.264 1148.53 497.28V500.208ZM1149.39 506.28C1149.39 505.464 1149.62 504.752 1150.06 504.144C1150.53 503.52 1151.17 503.04 1151.98 502.704C1152.8 502.368 1153.74 502.2 1154.79 502.2C1155.32 502.2 1155.86 502.248 1156.4 502.344C1156.94 502.424 1157.42 502.544 1157.82 502.704V502.032C1157.82 501.232 1157.58 500.616 1157.1 500.184C1156.63 499.752 1155.94 499.536 1155.01 499.536C1154.32 499.536 1153.66 499.656 1153.04 499.896C1152.42 500.136 1151.76 500.488 1151.07 500.952L1150.04 498.84C1150.87 498.296 1151.72 497.888 1152.58 497.616C1153.46 497.344 1154.38 497.208 1155.34 497.208C1157.14 497.208 1158.53 497.656 1159.52 498.552C1160.53 499.448 1161.03 500.728 1161.03 502.392V506.4C1161.03 506.752 1161.09 507 1161.2 507.144C1161.31 507.272 1161.51 507.352 1161.8 507.384V510C1161.51 510.064 1161.25 510.104 1161.01 510.12C1160.78 510.152 1160.59 510.168 1160.43 510.168C1159.79 510.168 1159.3 510.024 1158.97 509.736C1158.63 509.448 1158.43 509.096 1158.37 508.68L1158.3 508.032C1157.74 508.752 1157.05 509.304 1156.23 509.688C1155.43 510.056 1154.61 510.24 1153.76 510.24C1152.91 510.24 1152.16 510.072 1151.5 509.736C1150.85 509.384 1150.33 508.912 1149.94 508.32C1149.58 507.712 1149.39 507.032 1149.39 506.28ZM1157.22 506.928C1157.62 506.544 1157.82 506.176 1157.82 505.824V504.552C1156.98 504.216 1156.14 504.048 1155.3 504.048C1154.45 504.048 1153.76 504.232 1153.23 504.6C1152.7 504.952 1152.44 505.424 1152.44 506.016C1152.44 506.496 1152.63 506.928 1153.02 507.312C1153.4 507.696 1153.95 507.888 1154.67 507.888C1155.15 507.888 1155.62 507.8 1156.06 507.624C1156.53 507.448 1156.91 507.216 1157.22 506.928ZM1171.57 510.24C1170.58 510.24 1169.72 510.016 1168.98 509.568C1168.25 509.12 1167.67 508.528 1167.25 507.792V515.112H1164.04V497.424H1166.85V499.584C1167.31 498.848 1167.91 498.272 1168.65 497.856C1169.4 497.424 1170.25 497.208 1171.19 497.208C1172.33 497.208 1173.33 497.504 1174.21 498.096C1175.09 498.672 1175.79 499.456 1176.3 500.448C1176.81 501.424 1177.07 502.504 1177.07 503.688C1177.07 504.92 1176.83 506.032 1176.35 507.024C1175.89 508 1175.24 508.784 1174.41 509.376C1173.59 509.952 1172.65 510.24 1171.57 510.24ZM1170.49 507.504C1171.15 507.504 1171.72 507.328 1172.2 506.976C1172.69 506.608 1173.08 506.136 1173.35 505.56C1173.64 504.968 1173.78 504.344 1173.78 503.688C1173.78 502.984 1173.63 502.352 1173.33 501.792C1173.02 501.216 1172.61 500.768 1172.08 500.448C1171.57 500.112 1170.97 499.944 1170.3 499.944C1169.69 499.944 1169.09 500.144 1168.48 500.544C1167.87 500.944 1167.46 501.448 1167.25 502.056V505.008C1167.54 505.712 1167.98 506.304 1168.57 506.784C1169.17 507.264 1169.81 507.504 1170.49 507.504ZM1190.94 510H1187.72V502.944C1187.72 501.968 1187.53 501.24 1187.15 500.76C1186.78 500.28 1186.27 500.04 1185.61 500.04C1185.21 500.04 1184.79 500.152 1184.36 500.376C1183.95 500.6 1183.56 500.912 1183.21 501.312C1182.87 501.696 1182.63 502.144 1182.47 502.656V510H1179.25V492.48H1182.47V499.752C1182.93 498.952 1183.56 498.328 1184.36 497.88C1185.16 497.432 1186.03 497.208 1186.98 497.208C1188.05 497.208 1188.87 497.448 1189.45 497.928C1190.03 498.408 1190.42 499.024 1190.63 499.776C1190.83 500.528 1190.94 501.32 1190.94 502.152V510ZM1193.73 495.672V492.48H1196.95V495.672H1193.73ZM1193.73 510V497.424H1196.95V510H1193.73ZM1204.48 510.24C1203.41 510.24 1202.39 510.064 1201.41 509.712C1200.43 509.36 1199.59 508.84 1198.89 508.152L1200.04 506.064C1200.79 506.672 1201.53 507.12 1202.25 507.408C1202.97 507.696 1203.67 507.84 1204.36 507.84C1204.99 507.84 1205.48 507.728 1205.85 507.504C1206.23 507.28 1206.43 506.944 1206.43 506.496C1206.43 506.032 1206.19 505.72 1205.73 505.56C1205.27 505.384 1204.62 505.168 1203.79 504.912C1202.86 504.624 1202.08 504.328 1201.46 504.024C1200.83 503.72 1200.36 503.352 1200.04 502.92C1199.74 502.488 1199.59 501.928 1199.59 501.24C1199.59 500.008 1200.05 499.024 1200.98 498.288C1201.91 497.552 1203.14 497.184 1204.67 497.184C1205.57 497.184 1206.42 497.328 1207.22 497.616C1208.02 497.888 1208.75 498.336 1209.4 498.96L1208.11 501C1206.87 500.04 1205.68 499.56 1204.53 499.56C1204.02 499.56 1203.56 499.656 1203.16 499.848C1202.78 500.04 1202.59 500.376 1202.59 500.856C1202.59 501.304 1202.77 501.624 1203.14 501.816C1203.52 502.008 1204.1 502.216 1204.87 502.44C1205.86 502.744 1206.7 503.04 1207.39 503.328C1208.09 503.616 1208.62 503.984 1208.97 504.432C1209.34 504.88 1209.52 505.488 1209.52 506.256C1209.52 507.504 1209.07 508.48 1208.15 509.184C1207.24 509.888 1206.02 510.24 1204.48 510.24ZM1231.25 510H1228.03V502.944C1228.03 501.952 1227.85 501.224 1227.5 500.76C1227.17 500.28 1226.69 500.04 1226.09 500.04C1225.45 500.04 1224.85 500.288 1224.29 500.784C1223.73 501.264 1223.33 501.896 1223.09 502.68V510H1219.87V502.944C1219.87 501.936 1219.69 501.2 1219.34 500.736C1219.01 500.272 1218.53 500.04 1217.93 500.04C1217.3 500.04 1216.7 500.28 1216.13 500.76C1215.57 501.24 1215.17 501.872 1214.93 502.656V510H1211.71V497.424H1214.61V499.752C1215.08 498.936 1215.71 498.312 1216.51 497.88C1217.33 497.432 1218.25 497.208 1219.29 497.208C1220.33 497.208 1221.14 497.464 1221.72 497.976C1222.31 498.488 1222.69 499.12 1222.85 499.872C1223.34 499.008 1223.99 498.352 1224.79 497.904C1225.59 497.44 1226.49 497.208 1227.48 497.208C1228.26 497.208 1228.89 497.352 1229.37 497.64C1229.87 497.912 1230.25 498.288 1230.53 498.768C1230.8 499.232 1230.98 499.76 1231.08 500.352C1231.19 500.944 1231.25 501.544 1231.25 502.152V510ZM1239.88 510.24C1238.52 510.24 1237.34 509.944 1236.35 509.352C1235.37 508.76 1234.61 507.976 1234.07 507C1233.53 506.008 1233.25 504.936 1233.25 503.784C1233.25 502.6 1233.52 501.512 1234.05 500.52C1234.59 499.512 1235.36 498.712 1236.35 498.12C1237.34 497.512 1238.53 497.208 1239.9 497.208C1241.28 497.208 1242.45 497.512 1243.43 498.12C1244.41 498.712 1245.15 499.504 1245.66 500.496C1246.19 501.472 1246.45 502.528 1246.45 503.664C1246.45 504.08 1246.43 504.44 1246.38 504.744H1236.66C1236.74 505.72 1237.1 506.488 1237.74 507.048C1238.4 507.608 1239.15 507.888 1240 507.888C1240.64 507.888 1241.24 507.736 1241.8 507.432C1242.37 507.112 1242.77 506.696 1242.97 506.184L1245.73 506.952C1245.27 507.912 1244.53 508.704 1243.5 509.328C1242.48 509.936 1241.27 510.24 1239.88 510.24ZM1236.59 502.704H1243.17C1243.07 501.76 1242.71 501 1242.09 500.424C1241.48 499.832 1240.73 499.536 1239.85 499.536C1238.99 499.536 1238.25 499.832 1237.62 500.424C1237.01 501 1236.67 501.76 1236.59 502.704ZM1253.05 510.24C1251.97 510.24 1250.95 510.064 1249.97 509.712C1249 509.36 1248.16 508.84 1247.45 508.152L1248.61 506.064C1249.36 506.672 1250.09 507.12 1250.81 507.408C1251.53 507.696 1252.24 507.84 1252.93 507.84C1253.55 507.84 1254.05 507.728 1254.41 507.504C1254.8 507.28 1254.99 506.944 1254.99 506.496C1254.99 506.032 1254.76 505.72 1254.29 505.56C1253.83 505.384 1253.18 505.168 1252.35 504.912C1251.42 504.624 1250.65 504.328 1250.02 504.024C1249.4 503.72 1248.93 503.352 1248.61 502.92C1248.3 502.488 1248.15 501.928 1248.15 501.24C1248.15 500.008 1248.61 499.024 1249.54 498.288C1250.47 497.552 1251.7 497.184 1253.24 497.184C1254.13 497.184 1254.98 497.328 1255.78 497.616C1256.58 497.888 1257.31 498.336 1257.97 498.96L1256.67 501C1255.44 500.04 1254.25 499.56 1253.09 499.56C1252.58 499.56 1252.13 499.656 1251.73 499.848C1251.34 500.04 1251.15 500.376 1251.15 500.856C1251.15 501.304 1251.33 501.624 1251.7 501.816C1252.09 502.008 1252.66 502.216 1253.43 502.44C1254.42 502.744 1255.26 503.04 1255.95 503.328C1256.65 503.616 1257.18 503.984 1257.53 504.432C1257.9 504.88 1258.09 505.488 1258.09 506.256C1258.09 507.504 1257.63 508.48 1256.72 509.184C1255.81 509.888 1254.58 510.24 1253.05 510.24Z" fill="white"/></a>
    </svg>

  </body>
</html><svg width="146" height="19" viewBox="0 0 146 19" fill="none" xmlns="http://www.w3.org/2000/svg">
<path d="M6.75956 0.959999H10.1196L16.3836 18H12.9756L11.3916 13.752H5.43956L3.87956 18H0.471563L6.75956 0.959999ZM10.7916 11.424L8.43956 4.392L5.99156 11.424H10.7916ZM17.5862 13.296V5.424H20.8022V12.6C20.8022 14.536 21.4982 15.504 22.8902 15.504C23.5142 15.504 24.1142 15.32 24.6902 14.952C25.2822 14.568 25.7622 13.992 26.1302 13.224V5.424H29.3462V14.4C29.3462 14.752 29.4022 15 29.5142 15.144C29.6262 15.272 29.8262 15.352 30.1142 15.384V18C29.7942 18.064 29.5222 18.104 29.2982 18.12C29.0902 18.136 28.8982 18.144 28.7222 18.144C28.1462 18.144 27.6742 18.016 27.3062 17.76C26.9542 17.488 26.7462 17.12 26.6822 16.656L26.6102 15.648C26.0502 16.512 25.3302 17.16 24.4502 17.592C23.5702 18.024 22.6022 18.24 21.5462 18.24C20.2502 18.24 19.2662 17.824 18.5942 16.992C17.9222 16.144 17.5862 14.912 17.5862 13.296ZM31.7741 11.712C31.7741 10.512 32.0141 9.416 32.4941 8.424C32.9741 7.432 33.6381 6.648 34.4861 6.072C35.3341 5.496 36.3021 5.208 37.3901 5.208C38.3181 5.208 39.1501 5.44 39.8861 5.904C40.6381 6.352 41.2221 6.928 41.6381 7.632V0.48H44.8541V14.4C44.8541 14.752 44.9101 15 45.0221 15.144C45.1341 15.272 45.3261 15.352 45.5981 15.384V18C45.0221 18.112 44.5661 18.168 44.2301 18.168C43.6541 18.168 43.1741 18.024 42.7901 17.736C42.4221 17.448 42.2141 17.072 42.1661 16.608L42.1181 15.816C41.6541 16.6 41.0221 17.2 40.2221 17.616C39.4381 18.032 38.6141 18.24 37.7501 18.24C36.5821 18.24 35.5501 17.952 34.6541 17.376C33.7581 16.784 33.0541 16 32.5421 15.024C32.0301 14.032 31.7741 12.928 31.7741 11.712ZM41.6381 13.392V10.392C41.3821 9.688 40.9421 9.104 40.3181 8.64C39.6941 8.176 39.0541 7.944 38.3981 7.944C37.7421 7.944 37.1661 8.128 36.6701 8.496C36.1741 8.848 35.7901 9.32 35.5181 9.912C35.2461 10.488 35.1101 11.112 35.1101 11.784C35.1101 12.472 35.2621 13.104 35.5661 13.68C35.8701 14.24 36.2781 14.688 36.7901 15.024C37.3181 15.344 37.9181 15.504 38.5901 15.504C39.1981 15.504 39.7981 15.304 40.3901 14.904C40.9981 14.504 41.4141 14 41.6381 13.392ZM48.0109 3.672V0.48H51.2269V3.672H48.0109ZM48.0109 18V5.424H51.2269V18H48.0109ZM59.9361 18.24C58.5601 18.24 57.3761 17.944 56.3841 17.352C55.4081 16.744 54.6561 15.944 54.1281 14.952C53.6001 13.96 53.3361 12.888 53.3361 11.736C53.3361 10.568 53.6001 9.488 54.1281 8.496C54.6721 7.504 55.4321 6.712 56.4081 6.12C57.4001 5.512 58.5761 5.208 59.9361 5.208C61.2961 5.208 62.4641 5.512 63.4401 6.12C64.4321 6.712 65.1921 7.504 65.7201 8.496C66.2481 9.488 66.5121 10.568 66.5121 11.736C66.5121 12.888 66.2481 13.96 65.7201 14.952C65.1921 15.944 64.4321 16.744 63.4401 17.352C62.4641 17.944 61.2961 18.24 59.9361 18.24ZM56.6481 11.736C56.6481 12.472 56.7921 13.128 57.0801 13.704C57.3681 14.264 57.7601 14.704 58.2561 15.024C58.7521 15.344 59.3121 15.504 59.9361 15.504C60.5441 15.504 61.0961 15.344 61.5921 15.024C62.0881 14.688 62.4801 14.24 62.7681 13.68C63.0721 13.104 63.2241 12.448 63.2241 11.712C63.2241 10.992 63.0721 10.352 62.7681 9.792C62.4801 9.216 62.0881 8.768 61.5921 8.448C61.0961 8.112 60.5441 7.944 59.9361 7.944C59.3121 7.944 58.7521 8.112 58.2561 8.448C57.7601 8.768 57.3681 9.216 57.0801 9.792C56.7921 10.352 56.6481 11 56.6481 11.736ZM71.6449 18L67.0129 5.424H70.3489L73.5169 15.072L76.7089 5.424H79.7569L75.1489 18H71.6449ZM81.4562 3.672V0.48H84.6722V3.672H81.4562ZM81.4562 18V5.424H84.6722V18H81.4562ZM92.2054 18.24C91.1334 18.24 90.1094 18.064 89.1334 17.712C88.1574 17.36 87.3174 16.84 86.6134 16.152L87.7654 14.064C88.5174 14.672 89.2534 15.12 89.9734 15.408C90.6934 15.696 91.3974 15.84 92.0854 15.84C92.7094 15.84 93.2054 15.728 93.5734 15.504C93.9574 15.28 94.1494 14.944 94.1494 14.496C94.1494 14.032 93.9174 13.72 93.4534 13.56C92.9894 13.384 92.3414 13.168 91.5094 12.912C90.5814 12.624 89.8054 12.328 89.1814 12.024C88.5574 11.72 88.0854 11.352 87.7654 10.92C87.4614 10.488 87.3094 9.928 87.3094 9.24C87.3094 8.008 87.7734 7.024 88.7014 6.288C89.6294 5.552 90.8614 5.184 92.3974 5.184C93.2934 5.184 94.1414 5.328 94.9414 5.616C95.7414 5.888 96.4694 6.336 97.1254 6.96L95.8294 9C94.5974 8.04 93.4054 7.56 92.2534 7.56C91.7414 7.56 91.2854 7.656 90.8854 7.848C90.5014 8.04 90.3094 8.376 90.3094 8.856C90.3094 9.304 90.4934 9.624 90.8614 9.816C91.2454 10.008 91.8214 10.216 92.5894 10.44C93.5814 10.744 94.4214 11.04 95.1094 11.328C95.8134 11.616 96.3414 11.984 96.6934 12.432C97.0614 12.88 97.2454 13.488 97.2454 14.256C97.2454 15.504 96.7894 16.48 95.8774 17.184C94.9654 17.888 93.7414 18.24 92.2054 18.24ZM99.3128 13.296V5.424H102.529V12.6C102.529 14.536 103.225 15.504 104.617 15.504C105.241 15.504 105.841 15.32 106.417 14.952C107.009 14.568 107.489 13.992 107.857 13.224V5.424H111.073V14.4C111.073 14.752 111.129 15 111.241 15.144C111.353 15.272 111.553 15.352 111.841 15.384V18C111.521 18.064 111.249 18.104 111.025 18.12C110.817 18.136 110.625 18.144 110.449 18.144C109.873 18.144 109.401 18.016 109.033 17.76C108.681 17.488 108.473 17.12 108.409 16.656L108.337 15.648C107.777 16.512 107.057 17.16 106.177 17.592C105.297 18.024 104.329 18.24 103.273 18.24C101.977 18.24 100.993 17.824 100.321 16.992C99.6488 16.144 99.3128 14.912 99.3128 13.296ZM120.101 18.24C118.741 18.24 117.565 17.944 116.573 17.352C115.597 16.76 114.837 15.976 114.293 15C113.749 14.008 113.477 12.936 113.477 11.784C113.477 10.6 113.741 9.512 114.269 8.52C114.813 7.512 115.581 6.712 116.573 6.12C117.565 5.512 118.749 5.208 120.125 5.208C121.501 5.208 122.677 5.512 123.653 6.12C124.629 6.712 125.373 7.504 125.885 8.496C126.413 9.472 126.677 10.528 126.677 11.664C126.677 12.08 126.653 12.44 126.605 12.744H116.885C116.965 13.72 117.325 14.488 117.965 15.048C118.621 15.608 119.373 15.888 120.221 15.888C120.861 15.888 121.461 15.736 122.021 15.432C122.597 15.112 122.989 14.696 123.197 14.184L125.957 14.952C125.493 15.912 124.749 16.704 123.725 17.328C122.701 17.936 121.493 18.24 120.101 18.24ZM116.813 10.704H123.389C123.293 9.76 122.933 9 122.309 8.424C121.701 7.832 120.957 7.536 120.077 7.536C119.213 7.536 118.469 7.832 117.845 8.424C117.237 9 116.893 9.76 116.813 10.704ZM128.612 0.48H131.828V13.968C131.828 14.56 131.924 14.952 132.116 15.144C132.308 15.336 132.572 15.432 132.908 15.432C133.164 15.432 133.428 15.4 133.7 15.336C133.972 15.272 134.212 15.192 134.42 15.096L134.852 17.544C134.42 17.752 133.916 17.912 133.34 18.024C132.764 18.136 132.244 18.192 131.78 18.192C130.772 18.192 129.988 17.928 129.428 17.4C128.884 16.856 128.612 16.088 128.612 15.096V0.48ZM140.885 18.24C139.813 18.24 138.789 18.064 137.813 17.712C136.837 17.36 135.997 16.84 135.293 16.152L136.445 14.064C137.197 14.672 137.933 15.12 138.653 15.408C139.373 15.696 140.077 15.84 140.765 15.84C141.389 15.84 141.885 15.728 142.253 15.504C142.637 15.28 142.829 14.944 142.829 14.496C142.829 14.032 142.597 13.72 142.133 13.56C141.669 13.384 141.021 13.168 140.189 12.912C139.261 12.624 138.485 12.328 137.861 12.024C137.237 11.72 136.765 11.352 136.445 10.92C136.141 10.488 135.989 9.928 135.989 9.24C135.989 8.008 136.453 7.024 137.381 6.288C138.309 5.552 139.541 5.184 141.077 5.184C141.973 5.184 142.821 5.328 143.621 5.616C144.421 5.888 145.149 6.336 145.805 6.96L144.509 9C143.277 8.04 142.085 7.56 140.933 7.56C140.421 7.56 139.965 7.656 139.565 7.848C139.181 8.04 138.989 8.376 138.989 8.856C138.989 9.304 139.173 9.624 139.541 9.816C139.925 10.008 140.501 10.216 141.269 10.44C142.261 10.744 143.101 11.04 143.789 11.328C144.493 11.616 145.021 11.984 145.373 12.432C145.741 12.88 145.925 13.488 145.925 14.256C145.925 15.504 145.469 16.48 144.557 17.184C143.645 17.888 142.421 18.24 140.885 18.24Z" fill="white"/>
</svg>

